Prat          5.46e+00 
Crat          8.05e+02 
reduced_c     8.05e+02 
Vmax          9.00e-01 
Tunit         1.00e+07 
Compt         1  
Planck        1  
Tfloor        5.00e-03 
rotate_theta  0  
rotate_phi    0  
adv_flag:     0  
 0   2.989899e-01   2.486862e-01   9.212818e-01    4.166667e-02
 1   2.042195e-01   8.645776e-01   4.591296e-01    4.166667e-02
 2   8.289502e-01   4.116753e-01   3.786357e-01    4.166667e-02
 3   3.992826e-01   -4.030937e-01   8.234615e-01    4.166667e-02
 4   4.695691e-01   -8.598698e-01   2.003214e-01    4.166667e-02
 5   9.292430e-01   -2.401046e-01   2.808153e-01    4.166667e-02
 6   2.596290e-01   5.044838e-01   -8.234615e-01    4.166667e-02
 7   1.893424e-01   9.612600e-01   -2.003214e-01    4.166667e-02
 8   8.140732e-01   5.083577e-01   -2.808153e-01    4.166667e-02
 9   3.599217e-01   -1.472961e-01   -9.212818e-01    4.166667e-02
10   4.546921e-01   -7.631874e-01   -4.591296e-01    4.166667e-02
11   9.143660e-01   -1.434222e-01   -3.786357e-01    4.166667e-02
12   -3.599217e-01   1.472961e-01   9.212818e-01    4.166667e-02
13   -4.546921e-01   7.631874e-01   4.591296e-01    4.166667e-02
14   -9.143660e-01   1.434222e-01   3.786357e-01    4.166667e-02
15   -2.596290e-01   -5.044838e-01   8.234615e-01    4.166667e-02
16   -1.893424e-01   -9.612600e-01   2.003214e-01    4.166667e-02
17   -8.140732e-01   -5.083577e-01   2.808153e-01    4.166667e-02
18   -3.992826e-01   4.030937e-01   -8.234615e-01    4.166667e-02
19   -4.695691e-01   8.598698e-01   -2.003214e-01    4.166667e-02
20   -9.292430e-01   2.401046e-01   -2.808153e-01    4.166667e-02
21   -2.989899e-01   -2.486862e-01   -9.212818e-01    4.166667e-02
22   -2.042195e-01   -8.645776e-01   -4.591296e-01    4.166667e-02
23   -8.289502e-01   -4.116753e-01   -3.786357e-01    4.166667e-02
